INSERT ALL
INTO suppliers (supplier_id, supplier_name) VALUES (1000, 'IBM')
INTO suppliers (supplier_id, supplier_name) VALUES (2000, 'Microsoft')
INTO suppliers (supplier_id, supplier_name) VALUES (3000, 'Google')
SELECT * FROM dual;

       1           2                    3          4    5    6    7     8      9    10      11          12      13        14             15     16     17      18       19       20       21       22               
SYSID,NUM,      ESF_DATE,           ESF_TIME, ESF_DAY, ETD, TSD, THS, HIGHLM, LM2,  LM3,  LL_AVE, "LL_COND",  OUTLM,  PRECIPITATION,  RINTEN,  S1_DO, S1_PH, S1_COND, S1_TEMP, S1_ORP , S1_TURB, S1_FLOW,
        1,  20080405:00:01:02,        0     ,   0.00 ,0.00,    ,    ,0 0.69 ,1.01, 1.62,  1.32  ,  "DARK"  , -9.91 ,   1.979       ,  0.000 ,  10.52,  7.19, 260.47 ,  8.96  , 164.20 , 54.99  ,  29.02 ,
 23     24     25       26       27      28       29       30     31     32        33       34      35       36       37     38     39       40      41       42      43          
S2_DO,S2_PH, S2_COND, S2_TEMP, S2_ORP, S2_TURB, S2_FLOW, S3_DO, S3_PH, S3_COND, S3_TEMP,  S3_ORP, S3_TURB, S3_FLOW, S4_DO, S4_PH, S4_COND, S4_TEMP, S4_ORP, S4_TURB, S4_FLOW,
10.55 , 7.69, 184.70,  9.82  , 208.33,  67.10 ,  28.29 , 10.43,  7.32, 181.98 , 9.14   ,  326.06, 105.22 ,  0.00  , 11.14,  7.43, -2.28  ,  9.18  , 166.00,  87.44 , 0.00   ,
  44    45      46       47      48       49            50                51        52        53        54       55       56    57     58        59       60      61      62 
S5_DO, S5_PH, S5_COND, S5_TEMP, S5_ORP, S5_TURB, S5_FLOW, S6_DO, S6_PH, S6_COND,  S6_TEMP,  S6_ORP,	S6_TURB, S6_FLOW, S7_DO, S7_PH, S7_COND, S7_TEMP, S7_ORP, S7_TURB, S7_FLOW,
10.68,  5.55, -0.97  , 9.49   , 264.07, 78.03  , 0.00    ,11.20, 7.24 , 168.67 ,  10.00  ,  182.16,    68.27 , 0.00   ,10.13 , 8.20 , 110.29 , 10.25  , -2.32 , 44.75  ,  0.00  ,
  63       64    65       66        67      68      69        70     71     72      73       74       75     
S8_DO,  S8_PH, S8_COND, S8_TEMP,  S8_ORP, S8_TURB, S8_FLOW, RW_DO, RW_PH, RW_COND, RW_TEMP, RW_ORP, RW_TURB 
10.25,  7.40 , 155.75 , 10.23  , 150.43 , 85.28  ,  0.00  , 11.49 ,7.03 , 166.33 ,  8.75  , 465.49,   41.40       ,,,,,,




4*************  sequ.nextval  
insert into "ESF"."WaterQuality" (NUM ) values ('1');

3*************INSERT INTO "ESF"."WaterQuality" (SYSID) VALUES ('1')  OK
insert into "ESF"."WaterQuality" (sysid,NUM ) values ('2','1');

2*************
insert into WaterQuality (sysid,NUM ) values (1,1);
1***************
insert into WaterQuality (sysid,NUM,ESF_DATE, ESF_TIME, ESF_DAY, ETD, TSD, THS, HIGHLM, LM2,  LM3,  LL_AVE, LL_COND, OUTLM,  PRECIPITATION,  RINTEN,  S1_DO, S1_PH, S1_COND, S1_TEMP,  S1_ORP, S1_TURB, S1_FLOW, S2_DO,S2_PH, S2_COND, S2_TEMP, S2_ORP, S2_TURB, S2_FLOW, S3_DO, S3_PH, S3_COND, S3_TEMP,  S3_ORP, S3_TURB, S3_FLOW, S4_DO, S4_PH, S4_COND, S4_TEMP, S4_ORP, S4_TURB, S4_FLOW,S5_DO, S5_PH, S5_COND, S5_TEMP, S5_ORP, S5_TURB, S5_FLOW, S6_DO, S6_PH, S6_COND,  S6_TEMP,  S6_ORP,	S6_TURB, S6_FLOW, S7_DO, S7_PH, S7_COND, S7_TEMP, S7_ORP, S7_TURB, S7_FLOW, S8_DO,  S8_PH, S8_COND, S8_TEMP,  S8_ORP, S8_TURB, S8_FLOW, RW_DO, RW_PH, RW_COND, RW_TEMP, RW_ORP, RW_TURB ) values (1,1,20080405:00:01:02,0,0.00,0.00,null,null,0.69,1.01,1.62,1.32,"DARK",-9.91,1.979,0.000,10.52,7.19,260.47,8.96,164.20,54.99,29.02,10.55,7.69,184.70,9.82,208.33,67.10,28.29,10.43,7.32,181.98,9.14,326.06,105.22,0.00,11.14,7.43,-2.28,9.18,166.00,87.44,0.00,10.68,5.55,-0.97,9.49,264.07,78.03,0.00,11.20,7.24,168.67,10.00,182.16,68.27,0.00,10.13,8.20,110.29,10.25,-2.32,44.75,0.00,10.25,7.40,155.75,10.23,150.43,85.28,0.00,11.49,7.03,166.33,8.75,465.49,41.40)

1,20080405:00:01:02,0,0.00,0.00,,,0.69,1.01,1.62,1.32,"DARK",-9.91,1.979,0.000,10.52,7.19,260.47,8.96,164.20,54.99,29.02,10.55,7.69,184.70,9.82,208.33,67.10,28.29,10.43,7.32,181.98,9.14,326.06,105.22,0.00,11.14,7.43,-2.28,9.18,166.00,87.44,0.00,10.68,5.55,-0.97,9.49,264.07,78.03,0.00,11.20,7.24,168.67,10.00,182.16,68.27,0.00,10.13,8.20,110.29,10.25,-2.32,44.75,0.00,10.25,7.40,155.75,10.23,150.43,85.28,0.00,11.49,7.03,166.33,8.75,465.49,41.40,,,,,,


2,20080405:00:06:03,0,0.00,0.08,0.00,0.04,0.71,1.05,1.58,1.31,DARK,-10.08,1.979,0.002,10.52,7.19,248.15,8.94,164.64,57.42,29.04,10.55,7.69,185.63,9.80,208.53,64.31,28.83,10.43,7.32,183.97,9.13,326.59,109.90,0.00,11.12,7.42,-2.30,9.16,166.36,85.13,0.00,10.69,5.55,-1.00,9.48,264.14,77.27,0.00,11.21,7.24,170.13,9.98,182.17,58.27,0.00,10.14,8.20,111.00,10.24,-2.36,45.16,0.00,10.25,7.40,156.86,10.21,150.51,85.24,0.00,11.49,7.03,165.90,8.73,464.84,44.53,,,,,,
3,20080405:00:11:04,0,0.01,0.17,0.01,0.13,0.68,1.02,1.61,1.31,DARK,-10.07,1.979,0.000,10.53,7.20,261.28,8.93,165.01,56.07,29.00,10.56,7.69,187.03,9.78,208.51,66.01,29.12,10.44,7.32,185.51,9.11,327.12,113.96,0.00,11.12,7.42,-2.30,9.14,166.48,82.81,0.00,10.70,5.54,-1.00,9.46,264.26,76.98,0.00,11.21,7.24,170.92,9.96,183.23,70.68,0.00,10.14,8.20,112.31,10.22,-2.36,46.36,0.00,10.26,7.41,158.26,10.19,150.72,82.78,0.00,11.50,7.04,166.44,8.72,464.47,44.59,,,,,,
4,20080405:00:16:04,0,0.01,0.25,0.01,0.21,0.65,1.03,1.62,1.32,DARK,-10.03,1.979,0.000,10.53,7.20,254.87,8.92,165.32,54.88,28.80,10.56,7.70,188.01,9.77,208.43,65.37,29.41,10.44,7.32,183.01,9.10,327.61,113.50,0.00,11.15,7.42,-2.28,9.13,166.59,88.99,0.00,10.70,5.53,-1.01,9.44,264.05,77.58,0.00,11.22,7.24,172.61,9.94,184.26,64.32,0.00,10.14,8.20,113.72,10.21,-2.39,46.55,0.00,10.26,7.41,159.39,10.18,150.95,80.20,0.00,11.50,7.04,166.81,8.71,464.37,44.56,,,,,,
5,20080405:00:21:05,0,0.01,0.33,0.01,0.29,0.73,1.02,1.59,1.30,DARK,-9.93,1.979,0.000,10.54,7.21,256.26,8.90,165.68,53.24,28.87,10.57,7.70,188.98,9.76,208.42,64.26,29.02,10.45,7.32,185.50,9.09,327.97,106.44,0.00,11.13,7.40,-2.28,9.11,166.86,87.60,0.00,10.71,5.53,-0.98,9.42,264.08,77.56,0.00,11.22,7.24,173.87,9.92,183.96,57.62,0.00,10.15,8.20,114.59,10.19,-2.34,43.21,0.00,10.26,7.41,161.01,10.16,151.04,79.50,0.00,11.50,7.04,165.78,8.70,465.31,44.59,,,,,,
6,20080405:00:26:06,0,0.02,0.42,0.02,0.38,0.68,1.08,1.55,1.32,DARK,-10.13,1.979,0.002,10.55,7.21,257.45,8.89,165.99,54.71,28.96,10.57,7.70,189.84,9.74,208.46,64.21,28.75,10.45,7.32,178.75,9.07,328.48,112.18,0.00,11.14,7.40,-2.30,9.10,167.06,81.72,0.00,10.71,5.52,-1.00,9.41,263.90,76.89,0.00,11.23,7.24,175.62,9.91,185.80,67.83,0.00,10.15,8.20,116.12,10.18,-2.38,43.55,0.00,10.27,7.41,162.49,10.15,151.15,80.90,0.00,11.52,7.04,166.67,8.69,466.69,44.53,,,,,,
1,20080405:00:31:07,0,0.02,0.50,0.02,0.46,0.72,1.01,1.57,1.29,DARK,-9.98,1.979,0.001,10.55,7.22,258.42,8.88,166.34,55.16,29.21,10.57,7.70,191.14,9.73,208.44,62.33,28.86,10.46,7.32,182.77,9.06,328.87,110.35,0.00,11.17,7.40,-2.29,9.08,167.25,87.94,0.00,10.72,5.52,-1.01,9.40,264.17,76.86,0.00,11.23,7.24,176.85,9.89,185.86,61.04,0.00,10.15,8.20,117.19,10.17,-2.37,39.25,0.00,10.27,7.41,163.85,10.13,151.26,80.11,0.00,11.52,7.04,166.50,8.68,467.14,44.58,,,,,,
2,20080405:00:36:07,0,0.02,0.58,0.02,0.54,0.69,1.03,1.61,1.32,DARK,-10.00,1.979,0.000,10.55,7.22,258.18,8.87,166.46,57.29,29.02,10.58,7.70,192.47,9.72,208.50,62.65,28.89,10.47,7.32,181.84,9.04,329.34,108.99,0.00,11.15,7.40,-2.31,9.07,167.51,83.27,0.00,10.72,5.52,-0.98,9.38,264.39,77.25,0.00,11.24,7.24,178.06,9.88,185.41,57.67,0.00,10.15,8.20,118.36,10.15,-2.37,42.03,0.00,10.28,7.41,165.49,10.12,151.44,78.16,0.00,11.52,7.04,166.46,8.67,467.21,43.15,,,,,,
3,20080405:00:41:08,0,0.03,0.67,0.03,0.63,0.66,0.99,1.60,1.29,DARK,-10.10,1.980,0.000,10.55,7.23,258.84,8.85,166.85,60.79,29.02,10.58,7.70,193.10,9.71,208.34,59.51,28.38,10.47,7.32,182.10,9.03,329.70,107.76,0.00,11.18,7.40,-2.28,9.05,167.50,85.29,0.00,10.73,5.51,-0.99,9.37,264.22,77.09,0.00,11.24,7.24,179.53,9.86,187.22,67.65,0.00,10.16,8.19,119.57,10.14,-2.36,39.74,0.00,10.28,7.41,166.85,10.10,151.51,77.91,0.00,11.54,7.04,166.28,8.66,466.93,43.18,,,,,,
4,20080405:00:46:09,0,0.03,0.75,0.03,0.71,0.71,0.99,1.57,1.28,DARK,-10.11,1.980,0.001,10.55,7.23,263.13,8.84,167.04,66.11,29.15,10.58,7.71,194.22,9.70,208.14,61.27,29.08,10.47,7.31,181.22,9.02,330.11,108.17,0.00,11.16,7.41,-2.29,9.04,167.63,85.23,0.00,10.74,5.51,-0.99,9.35,264.14,76.37,0.00,11.24,7.24,180.36,9.86,186.33,64.14,0.00,10.16,8.19,120.86,10.13,-2.38,40.57,0.00,10.28,7.41,168.11,10.09,151.63,76.96,0.00,11.53,7.04,166.30,8.65,466.04,43.13,,,,,,
5,20080405:00:51:10,0,0.03,0.84,0.03,0.79,0.64,1.02,1.58,1.30,DARK,-10.08,1.980,0.002,10.56,7.23,253.90,8.83,167.23,68.32,29.13,10.58,7.71,194.77,9.69,208.00,63.16,29.09,10.47,7.32,184.18,9.01,330.54,108.44,0.00,11.16,7.41,-2.31,9.03,167.65,84.51,0.00,10.74,5.52,-1.01,9.34,263.97,76.78,0.00,11.25,7.24,181.92,9.85,187.55,62.86,0.00,10.17,8.19,121.99,10.12,-2.37,41.37,0.00,10.28,7.41,169.56,10.07,151.72,77.00,0.00,11.53,7.04,166.40,8.64,467.46,43.17,,,,,,
6,20080405:00:56:10,0,0.04,0.92,0.04,0.88,0.69,0.99,1.57,1.28,DARK,-10.09,1.980,0.000,10.56,7.24,253.75,8.82,167.46,71.99,29.07,10.58,7.71,196.02,9.68,207.97,60.50,29.14,10.48,7.32,185.63,8.99,330.86,100.21,0.00,11.19,7.41,-2.30,9.02,167.77,91.42,0.00,10.74,5.52,-1.00,9.33,263.90,75.60,0.00,11.24,7.24,182.44,9.83,187.46,62.80,0.00,10.17,8.19,122.94,10.11,-2.36,38.16,0.00,10.29,7.41,170.87,10.07,151.81,75.63,0.00,11.54,7.04,166.13,8.63,464.78,43.14,,,,,,
1,20080405:01:01:11,0,0.04,1.00,0.04,0.96,0.69,0.97,1.55,1.26,DARK,-9.97,1.980,0.000,10.57,7.24,256.47,8.81,167.62,91.62,29.02,10.59,7.71,197.15,9.67,207.90,64.12,29.01,10.48,7.31,183.47,8.98,331.26,103.89,0.00,11.17,7.42,-2.29,9.00,168.01,73.19,0.00,10.75,5.53,-0.96,9.32,264.24,74.94,0.00,11.25,7.24,184.05,9.82,187.88,58.79,0.00,10.17,8.19,123.89,10.10,-2.39,41.06,0.00,10.29,7.41,172.18,10.06,151.94,74.66,0.00,11.54,7.04,166.28,8.62,466.86,43.16,,,,,,
2,20080405:01:06:12,0,0.05,1.09,0.04,1.04,0.74,0.97,1.57,1.27,DARK,-9.91,1.980,0.003,10.57,7.24,248.19,8.80,167.71,83.60,28.99,10.59,7.70,198.07,9.65,208.02,61.84,28.93,10.48,7.31,185.46,8.98,331.65,104.23,0.00,11.17,7.42,-2.28,8.99,168.17,72.52,0.00,10.75,5.54,-1.00,9.31,264.64,75.64,0.00,11.26,7.24,185.07,9.81,188.76,54.93,0.00,10.18,8.19,124.81,10.09,-2.35,42.17,0.00,10.29,7.41,173.56,10.05,151.99,74.19,0.00,11.54,7.04,166.31,8.61,467.05,43.17
3,20080405:01:11:13,0,0.05,1.17,0.05,1.13,0.65,0.96,1.61,1.28,DARK,-9.92,1.980,0.000,10.57,7.24,257.41,8.79,167.87,83.18,29.07,10.59,7.70,199.15,9.63,208.06,61.80,28.89,10.48,7.31,185.45,8.97,332.03,100.26,0.00,11.20,7.42,-2.28,8.98,168.43,71.24,0.00,10.75,5.55,-0.98,9.29,265.16,73.96,0.00,11.26,7.24,186.53,9.80,189.32,64.36,0.00,10.18,8.19,125.92,10.08,-2.34,39.46,0.00,10.29,7.41,174.75,10.04,152.06,72.95,0.00,11.54,7.03,166.33,8.60,467.08,43.17


 
 386-717-0250 Phil  

937 238 5551  JR  cell

513 351 8691 BW